0.705774 1.1564 0.654869 1.73166 -1.12881 
0.0477524 -0.201072 0.0184569 2.87552 -1.81476 
-0.0956182 -0.0631976 0.0680516 2.09609 0.386998 
0.0126382 0.0370898 0.0322668 2.09609 0.158076 
-0.00504135 0.0299995 0.00444672 0.871491 0.0995296 
0.0107502 0.00618165 0.0149484 0.966211 -0.00492127 
-0.0030553 -0.0003 0.00588632 0.997841 -0.00205359 
-0.000789787 -0.00199276 0.00419007 0.996372 0.00370037 
-0.000311692 -0.000456896 0.00486494 0.998563 0.00205595 
-0.000335686 -0.000118398 0.00462362 0.994829 0.000268937 
