-0.558577 2.20082 -3.29513 2.86443 1.91836 
-0.374142 0.773389 0.714329 0.471663 0.0611571 
0.000580492 0.829865 0.714329 1.28218 0.126041 
-0.0280216 0.117999 0.714329 0.881751 -0.0648257 
0.00168826 0.117999 -1.79062 0.994691 -0.0234093 
0.00168826 0.117999 -1.79062 0.994691 -0.0234093 
0.00777784 0.117999 -0.232982 0.996041 -0.00114465 
0.00859459 -0.0104359 -0.208863 0.996041 0.0118459 
0.0020823 0.00031411 0.00388051 0.998623 -0.00285857 
0.0020823 0.00369596 0.000140781 0.992425 -0.000518559 
