-3.27431 -1.80951 -3.77549 -1.01975 3.24629 
-3.27431 0.0952975 -3.77549 -1.04373 3.24629 
-3.27431 0.0952975 -0.954729 -0.774799 3.07784 
-0.128114 0.00330209 -0.899325 -1.09195 2.84576 
0.0384569 0.0359452 -0.995629 -1.09195 2.97967 
-0.012854 0.0359452 -0.995629 -0.0360543 2.97967 
-0.012854 0.0359452 -0.995629 -0.0360543 2.97967 
0.0037381 -0.00255667 -0.995373 -0.00277031 2.98631 
-0.00168175 -0.000628327 -0.995985 -0.000146059 2.98631 
0.000134461 -0.000628327 -0.995029 -0.000146059 2.98631 
