-0.17885 -0.289427 -0.810483 -1.50961 1.13873 
0.00705272 0.0179522 -0.510523 -1.37722 1.24006 
-0.0219774 -0.0751996 -0.917959 -1.76076 1.0706 
-0.0169402 -0.0358729 -0.935905 -1.8814 0.982824 
-0.000416416 0.00720178 -0.93895 -1.80656 1.09679 
-0.00294736 -0.000836646 -0.99847 -1.39637 1.5723 
-0.00690437 -0.0057498 -0.998079 -1.27169 1.70547 
-0.0065731 -0.0080801 -0.999845 -1.08177 1.9019 
-0.00293017 -0.00338656 -0.999255 -1.00005 1.98441 
-0.000172999 -5.2996e-05 -0.994879 -0.99511 1.9895 
