0.111615 0.178599 -1.66597 -1.00188 -0.51376 
-0.0574332 -0.0312341 -0.299737 0.425145 0.698724 
0.0715595 0.156061 -0.0612746 0.841061 1.0198 
0.0484222 0.0714123 -0.605818 0.332948 0.357879 
0.0300867 0.0251816 -0.566442 0.386706 0.360432 
0.00192488 -0.00434261 -0.334696 0.678119 0.66708 
0.00460064 -0.00037262 -0.136873 0.867413 0.86204 
0.0050467 -0.000932928 -0.00498395 0.991897 0.989449 
0.00266225 0.00155367 0.00265153 0.998551 0.997723 
0.00201417 0.00232063 0.00317353 0.99872 0.998262 
