-2.31326 -0.553596 -0.679371 1.16279 -0.31098 
-0.437236 1.34755 0.873103 1.16279 -0.609798 
0.13795 0.046167 -0.199292 2.14897 -0.609798 
-0.120303 -0.0105595 0.0645813 1.12246 -0.36507 
-0.0409765 -0.0105595 0.0522567 1.12246 -0.36507 
0.00304302 0.0300713 0.0522567 1.12246 0.0131481 
-0.00386651 -0.000767059 0.0081699 1.03795 -0.00255699 
-0.00259332 0.000166158 0.00784444 0.97189 0.000717336 
-0.00259332 -0.00073218 0.0057356 0.994602 0.000717336 
-0.000331012 -0.000471893 0.00512559 0.995581 0.000826654 
