-1.39867 -0.87707 -2.28398 -1.40319 -0.272686 
-1.46053 -0.72218 -1.45883 -0.787214 1.15279 
-1.13113 -0.0610212 -0.394583 -0.0625781 1.7971 
-1.19533 -0.278583 -0.386298 -0.284086 1.81697 
-1.02046 -0.0871318 -0.192093 -0.192529 1.80456 
-0.999098 -0.00140743 -0.0480303 -0.0537314 1.9767 
-1.00389 -0.0181575 -0.0193021 -0.0240312 2.00468 
-0.998489 -0.00164696 -0.0032993 -0.00692138 1.98175 
-0.996649 -0.000288241 -0.000780805 -0.00206786 1.98642 
-0.995499 -0.000520504 -0.000654568 -0.00151981 1.98854 
