-0.708797 -0.339334 0.685104 -1.81425 -0.606788 
-0.0708591 -0.0195101 -0.0723118 0.765649 0.32645 
0.0507272 0.127222 -1.06419 0.877905 -0.0693712 
-0.0365561 -0.0290867 -0.738892 1.00947 -0.0746398 
-0.0365561 0.0362223 -0.828313 1.00947 -0.0746398 
-0.0365561 -0.00466635 -0.19989 1.00947 -0.0746398 
0.00820674 0.000642289 -0.00106948 0.993624 -0.0746398 
0.00511877 0.000241848 -0.00503589 0.99731 -0.00205544 
0.00273973 -5.67252e-05 0.00100829 0.995546 0.000455373 
0.00192076 -5.67252e-05 5.54602e-05 0.998263 -0.000544625 
