35.9762 25.5839 15.5374 6.81269 6.66861 6.45665 6.20344 5.98099 5.97329 5.97048 
21.4742 16.5777 14.4647 14.0441 13.9466 13.9325 13.9302 13.9294 13.9294 13.9294 
27.7592 16.0034 11.2416 10.8896 10.6672 10.1699 9.97646 9.95167 9.95082 9.94985 
38.0198 31.0311 21.3817 11.758 8.89351 8.36838 6.3674 6.21016 6.11701 5.98917 
21.0292 17.5063 12.3298 10.7138 10.1962 9.98191 9.95898 9.95444 9.95007 9.94965 
37.1781 15.5079 13.6157 8.69431 4.91992 4.22476 3.98198 3.98029 3.98019 3.97985 
32.6638 27.8661 25.1618 19.4346 16.6452 12.6994 11.4813 11.2066 11.1424 11.0189 
39.557 38.5756 26.3841 22.076 22.076 19.249 16.9392 15.6296 15.0802 14.9366 
21.2731 16.7106 10.5627 6.92511 4.40494 3.62289 3.18525 2.98853 2.98543 2.98512 
18.7568 12.0378 7.69899 7.69899 5.39642 5.37298 5.14363 5.05277 5.00448 4.99713 
