47.6842 36.3667 29.0616 29.0616 20.1932 20.1932 12.9958 12.9958 12.9958 12.9958 
44.3033 29.1886 27.6769 24.0969 24.0969 19.7895 19.7895 19.2705 19.2705 19.2705 
36.337 19.4837 19.4837 19.4837 19.4837 19.4837 16.3032 16.3032 16.3032 14.4199 
33.3976 33.3976 33.3976 25.9172 25.9172 22.287 22.287 22.287 22.287 14.5001 
28.0129 28.0129 28.0129 19.2511 19.2511 15.7019 15.7019 15.7019 15.7019 15.7019 
36.39 31.9952 31.9952 30.8212 17.5132 17.5132 17.5132 17.5132 17.5132 17.5132 
39.8734 32.1688 22.1461 22.1461 22.1461 22.1461 22.1461 22.1461 22.1461 22.1461 
37.2629 36.5743 20.6735 20.6735 18.5947 18.5947 18.5947 17.8093 16.3481 15.1945 
46.9629 34.8844 23.0988 23.0988 23.0988 21.171 21.171 21.171 21.171 19.8898 
40.3203 18.1227 18.1227 18.1227 18.1227 18.1227 14.0032 14.0032 9.79068 9.79068 
