5.87292 4.59959 4.16251 3.19196 3.09337 3.08025 3.0705 3.06898 3.06637 3.06605 
33.7069 14.9259 11.8767 11.5104 11.5062 11.213 11.1133 11.0861 11.0787 11.0777 
17.3524 6.86832 6.54835 6.27164 6.16847 6.1502 6.11331 6.09781 6.0958 6.09531 
25.3995 12.2177 5.53157 3.99994 3.40679 3.33281 3.31193 3.31044 3.30563 3.3046 
22.6785 20.6915 8.9751 8.23471 8.13847 8.10084 8.08416 8.0742 8.07078 8.06832 
19.7509 13.6392 10.964 10.2957 10.1925 10.0638 10.0382 9.99922 9.98227 9.97458 
9.6179 6.05462 4.28979 3.18335 3.1365 3.08819 3.08064 3.07977 3.07426 3.07278 
22.4577 13.0085 6.29455 5.9941 5.56388 5.3561 5.31326 5.31004 5.30106 5.29836 
13.6267 5.72403 5.2597 4.18634 4.17557 4.16796 4.01497 3.99884 3.9906 3.98858 
15.4983 3.67799 3.45347 2.34197 1.33672 1.04191 1.01223 1.00133 1.00027 0.998359 
