-1.73947 3.94676 -3.57478 1.61918 -3.86641 
-1.73947 -2.03085 -0.0900626 0.129643 0.182403 
-1.73947 -2.03085 -0.0900626 0.0693164 0.0797226 
-1.73947 -2.03085 -0.0900626 0.0693164 0.0797226 
-0.00823469 -2.03085 -0.0900626 0.0693164 0.0729587 
-0.0224743 0.00566628 -0.0011605 -0.00251375 0.0729587 
-0.00327021 0.00373087 -0.00273497 -0.0024304 0.07274 
-0.00327021 0.00373087 -0.00273497 -0.0024304 0.0719095 
-0.000925513 0.00373087 -0.00273497 -0.0024304 0.0715927 
-0.000925513 0.00373087 -0.00273497 -0.0024304 0.0715927 
