1.99812 -0.0348582 -0.641403 -1.23953 0.0901746 
0.0842576 0.0578319 0.0459792 0.0542212 0.0476364 
0.0977524 -0.117717 0.0459792 -0.0852486 0.073066 
0.0998842 0.0553351 0.0868807 0.0542212 0.073066 
0.0364012 0.100576 0.0868807 -0.00440357 0.189915 
-0.00208242 0.0037163 0.0459792 -0.00440357 0.0728178 
-0.00223015 0.00319689 -0.0027115 -0.00440357 0.0718069 
-0.000819046 0.00223144 -0.000188525 -0.00134716 0.0715855 
-0.000883061 0.00223144 -6.44714e-05 -0.00029173 0.0715762 
-0.000844702 0.00139075 -4.85311e-05 -0.000158113 0.0715831 
