0.0604561 -0.0667394 -0.37057 -0.121095 -0.0177094 
0.59871 -0.401851 -0.235738 -0.19484 -0.0540842 
0.430508 -0.112831 -0.00966397 -0.100192 0.101488 
0.299591 0.0511573 0.107951 0.180332 0.299433 
0.162795 0.0958115 0.153865 0.201677 0.285885 
0.0107011 -0.0159875 -0.0123585 0.0274891 0.104677 
0.00810632 0.0154841 0.0165491 0.0193956 0.0922394 
-0.0162124 -0.0103656 -0.0106563 -0.00921235 0.0628071 
-0.0148105 -0.0123087 -0.0131279 -0.0141057 0.0576509 
-0.000739916 0.00139107 0.000888364 0.00034247 0.0720231 
