-2.96343 -1.25565 -1.97254 0.384482 -2.40099 
1.10662 -1.25565 -0.867703 -1.98564 -2.40099 
-0.980893 0.0558383 -0.867703 -0.0594934 -1.96581 
-0.936859 -0.0204548 -0.971435 -0.0594934 -1.96526 
-0.936859 -0.0204548 -0.992678 -0.0156571 -1.96526 
-0.936859 -0.0149848 -0.997036 -0.00894314 -1.96526 
-1.00244 -0.0122104 -0.997036 -0.0078188 -1.96526 
-1.00244 -0.0122104 -0.996232 -0.0078188 -1.96702 
-1.00149 -0.0122104 -0.996711 -0.00162713 -1.96702 
-1.00146 -0.0122104 -0.996711 -0.00121205 -1.96702 
