22.5307 13.5517 11.3071 10.0213 9.99665 9.98926 9.98636 9.98583 9.98533 9.98515 
28.9091 11.5616 5.70295 1.52436 1.08449 1.06097 1.05364 1.05082 1.04505 1.04355 
28.5943 14.3182 12.6997 8.67406 8.29472 8.03701 7.99979 7.99895 7.99393 7.99306 
38.769 10.0383 9.41748 4.7325 4.55562 4.48793 4.42199 4.34058 4.33336 4.32692 
22.1945 17.4197 13.047 11.7559 11.5642 11.4278 11.2955 11.2559 11.25 11.2201 
27.2769 5.89164 5.89164 5.55578 5.19645 5.10139 5.0877 5.07781 5.07273 5.07197 
14.4696 3.77604 3.34888 3.10969 3.06007 3.05539 3.0437 3.04034 3.03716 3.03471 
29.8987 11.818 9.46569 5.96387 5.11488 5.09022 5.05231 5.00607 5.00003 4.99961 
17.4819 7.29978 6.41941 5.23199 5.2064 5.17357 5.16821 5.1617 5.16083 5.15963 
27.5238 23.3012 8.93374 7.67568 7.43749 6.78229 6.74959 6.69631 6.67322 6.64566 
