22.5037 22.5037 18.35 12.5316 12.5316 12.5316 11.9831 11.0534 8.4135 4.135 
31.9767 31.4585 31.4585 23.0633 15.1292 14.2661 8.4394 8.4394 8.4394 7.004 
30.0755 30.0755 23.1785 19.3955 9.22491 8.9182 7.13039 6.27286 5.89038 4.80616 
32.6355 25.2866 10.0916 10.0916 8.16546 8.16546 8.16546 6.83147 6.49731 6.49731 
41.282 25.9591 25.9591 19.3885 10.3331 10.3331 8.04706 6.3559 5.17672 5.17672 
33.0089 27.9491 27.9491 24.4697 16.8647 14.6581 14.1555 12.0844 7.31624 7.31624 
16.1224 15.3381 14.488 12.2534 11.452 6.89631 6.89631 3.32267 3.32267 3.32267 
39.613 32.7843 32.7843 20.2634 20.2634 16.8725 9.97781 3.93716 3.39361 3.39361 
28.1199 14.3396 14.3396 14.3396 14.3396 13.1576 13.1576 13.1576 11.9538 10.0511 
41.3222 40.8138 28.6911 21.9196 21.9196 16.7681 12.3194 12.3194 12.3194 10.2808 
