0.0241676 -1.13499 -0.948499 -0.819679 -0.747201 
0.252717 -0.769152 -0.493135 -0.742071 -0.707623 
-0.0918509 -1.30677 -0.815518 -0.857852 -1.11577 
-0.114973 -0.893395 -0.568335 -0.094774 -0.342882 
0.135678 -0.409709 -0.452788 -0.12633 -0.191816 
-0.0639088 -0.506813 -0.574034 -0.239508 -0.165232 
0.0354972 -0.401251 -0.925724 -0.601441 -0.552223 
0.14155 -0.172934 -0.855236 -0.622861 -0.486615 
0.0244469 -0.0796539 -0.870401 -0.772136 -0.583566 
-0.260469 -0.143152 -0.892611 -0.914032 -0.918218 
