24.1751 24.1751 20.2671 20.2671 20.2671 18.0499 17.6529 15.2143 10.2718 8.46085 
44.263 33.1762 23.8227 23.8227 18.4118 10.5906 8.91462 8.91462 8.10714 4.84568 
30.0361 26.2779 26.2779 19.3281 17.5091 12.5373 12.5373 9.4979 9.4979 6.58264 
31.4311 24.8584 18.2424 18.2424 16.8521 12.4832 7.6222 6.84817 6.84817 6.23535 
35.9366 29.5195 18.1153 18.1153 13.8753 13.8753 12.8563 8.78494 7.75517 4.64536 
36.3885 23.4716 23.2266 15.6508 14.4276 13.1847 12.953 9.04466 7.47809 6.74586 
38.6257 37.5758 34.7329 30.1664 17.5454 17.5454 17.5454 11.5502 9.76988 9.76988 
21.1047 21.1047 13.4326 10.0406 10.0406 8.19906 4.23979 4.23979 4.23979 2.75437 
43.8653 24.3212 24.3212 21.6079 13.1643 13.1643 13.1643 10.8578 8.59699 7.07376 
50.9434 33.8876 32.2892 24.5722 23.2013 20.6795 16.6504 16.2776 15.8751 12.5299 
